   3.6000E+01  3.4444E+03  2.1723E+01  1.1498E+00
   3.6500E+01  3.4459E+03  2.1726E+01  1.1500E+00
   3.7000E+01  3.4474E+03  2.1729E+01  1.1501E+00
   3.7500E+01  3.4488E+03  2.1732E+01  1.1502E+00
   3.8000E+01  3.4503E+03  2.1735E+01  1.1503E+00
   3.8500E+01  3.4517E+03  2.1738E+01  1.1504E+00
   3.9000E+01  3.4531E+03  2.1741E+01  1.1505E+00
   3.9500E+01  3.4545E+03  2.1743E+01  1.1506E+00
   4.0000E+01  3.4558E+03  2.1746E+01  1.1508E+00
   4.0500E+01  3.4572E+03  2.1749E+01  1.1509E+00
   4.1000E+01  3.4585E+03  2.1751E+01  1.1510E+00
   4.1500E+01  3.4598E+03  2.1754E+01  1.1511E+00
   4.2000E+01  3.4611E+03  2.1756E+01  1.1512E+00
   4.2500E+01  3.4624E+03  2.1759E+01  1.1513E+00
   4.3000E+01  3.4636E+03  2.1761E+01  1.1514E+00
   4.3500E+01  3.4649E+03  2.1764E+01  1.1515E+00
   4.4000E+01  3.4661E+03  2.1766E+01  1.1516E+00
   4.4500E+01  3.4673E+03  2.1769E+01  1.1517E+00
   4.5000E+01  3.4685E+03  2.1771E+01  1.1518E+00
   4.5500E+01  3.4697E+03  2.1773E+01  1.1519E+00
   4.6000E+01  3.4709E+03  2.1776E+01  1.1520E+00
   4.6500E+01  3.4720E+03  2.1778E+01  1.1521E+00
   4.7000E+01  3.4732E+03  2.1780E+01  1.1522E+00